#!/usr/bin/env ruby

require 'solver'

rows1m = [[0,0,0, 0,0,9, 5,1,0],
          [2,0,9, 0,0,3, 0,4,0],
          [0,0,0, 0,7,6, 0,0,0],
        
          [5,8,3, 0,0,0, 0,0,0],
          [0,0,2, 0,0,0, 1,0,0],
          [0,0,0, 0,0,0, 2,9,5],
          
          [0,0,0, 5,3,0, 0,0,0],
          [0,1,0, 7,0,0, 8,0,4],
          [0,7,4, 6,0,0, 0,0,0],
         ]

rows1s = [[0,0,0, 6,0,1, 0,0,0],
          [2,0,4, 0,7,0, 5,0,0],
          [0,1,0, 0,0,0, 0,9,7],
          
          [6,5,0, 1,9,0, 4,0,2],
          [0,8,7, 0,0,0, 9,5,0],
          [4,0,2, 0,3,8, 0,1,6],
          
          [9,2,0, 0,0,0, 0,6,0],
          [0,0,6, 0,8,0, 1,0,5],
          [0,0,0, 4,0,6, 0,0,0],
         ]

rows1h = [[0,4,7, 0,0,0, 0,0,0],
          [0,0,5, 0,0,0, 0,0,0],
          [8,0,0, 0,0,9, 0,1,0],
        
          [0,0,0, 0,0,0, 6,2,3],
          [5,0,0, 0,0,0, 0,7,0],
          [0,2,0, 0,8,4, 9,0,0],
        
          [2,0,0, 0,9,0, 0,0,0],
          [0,0,0, 3,2,0, 0,0,9],
          [0,8,0, 7,0,0, 4,0,0],
         ]

rows4x4 = [[1,0,0,0],
           [0,0,0,0],
           [0,0,0,0],
           [0,0,0,4]]

solvers = SudokuSolver.solve([rows1s, rows4x4])

# Notice the faster puzzles ended before the slow puzzles,
# even though the slow puzzles were started first.
$stdout << solvers
